.Random.seed <-
c(403L, 10L, 2002628285L, -1713428169L, -1060737570L, -1335368936L, 
485075579L, -734869479L, 956072104L, -1889459626L, -2052395311L, 
745897603L, 845567250L, 23421092L, -26673049L, -1364282947L, 
-355951820L, -1088065382L, -2090920219L, -1274773377L, -2046658042L, 
-541743728L, -338323405L, -146786351L, 963042688L, -42635170L, 
-658481239L, 1575429723L, -613950870L, -435017972L, 687067471L, 
1718356485L, 1355364540L, -1976749678L, 666970765L, -2144683833L, 
323038638L, 432674824L, -1047286773L, -1969575703L, 2138310584L, 
-2126864282L, 1032450305L, -1788336237L, 1861326914L, 135426036L, 
918399479L, 1416945133L, -1385468284L, 26849450L, 1610595861L, 
-1039801681L, -1303881546L, 2045294304L, -1784673757L, 130250049L, 
983459888L, -1287318962L, -1056237895L, -1550355765L, -1182022790L, 
-1596878212L, 1621837503L, -416100459L, 865937324L, -1424984702L, 
2016729949L, 560723543L, -1178786498L, 1152333176L, 367167067L, 
395858361L, 1480782856L, -206442826L, 390569457L, -1834003421L, 
-524530574L, 1651297988L, 391587975L, 353021021L, -12242348L, 
-1719965574L, 692480965L, 668073247L, -1650152282L, -89629136L, 
1498981587L, -1840887055L, -1770620384L, -1651098434L, 725067977L, 
161503867L, 603844682L, -316120916L, -759703633L, -187440283L, 
2104400156L, -1608736398L, 291250669L, 601966119L, -903551410L, 
-59159896L, -685553493L, 1504883145L, -986997288L, 1316621446L, 
2015654241L, -1684794125L, -906822814L, -1252985388L, 1178435799L, 
190640845L, 1122275940L, -1556010934L, -1884414539L, 321593615L, 
-901448170L, 75552960L, 1385131651L, -1423586655L, -1567777648L, 
1847752558L, -1043672807L, 516649387L, 346410906L, 1361575772L, 
315657823L, 1869053493L, -285016628L, -1717199582L, -901871747L, 
1427889271L, 1004978590L, 978139224L, 1460995515L, 748317529L, 
-102188824L, 82352406L, -1060771183L, -1355380925L, 1735627346L, 
1262925028L, -13533401L, -12715139L, 510721652L, -141819814L, 
-691939163L, 998902463L, 433303878L, 1781311440L, 1040404979L, 
1942011153L, 1415526720L, 635160862L, 249015785L, 864427803L, 
1104398634L, 819659340L, 843333135L, -649883323L, 1396235004L, 
-305008302L, 334272205L, 1815842439L, 1929279854L, -592415928L, 
1963681611L, -1777357143L, 1751143416L, -1620997338L, -1292788671L, 
589606355L, -1016578174L, -77171788L, 425200439L, -448132563L, 
-1835799740L, -1718878102L, 80812757L, 705545327L, -1232568970L, 
-2140428640L, 567354211L, 1079691265L, 205779824L, -642286834L, 
845919609L, -1732816629L, -1942482374L, 552913212L, 75761279L, 
-1320006187L, -477510676L, -674048702L, -636089699L, -1414043881L, 
-731445634L, 1395402296L, 1221615899L, 474465913L, -1993473336L, 
-927411466L, -1203446991L, -1770149021L, -277298894L, -1614331260L, 
713191111L, -289393251L, -2017582828L, 86871994L, -957232635L, 
-1434453025L, 1550168678L, 1138896368L, -1707918573L, 1385972913L, 
-666052768L, 1879586046L, 1850905737L, 946869179L, -2116125302L, 
-1874420628L, -1848150545L, -795816411L, -428291364L, 1616847026L, 
1100297133L, 672425831L, 39031950L, -1087222700L, -654363886L, 
1004735904L, -225564724L, -52135072L, -986182462L, -678563288L, 
-1612718676L, 122614588L, 586268530L, -1955107024L, 182832164L, 
1278022200L, -575564070L, 530178960L, -458612484L, 862529940L, 
-1340609726L, 1949381120L, -1137216452L, 349080144L, -386313054L, 
-1801840824L, -245037556L, 877266652L, 1958371410L, 539484288L, 
-1958558892L, -129223704L, 1327080186L, -1676816560L, -1857351636L, 
-1124847244L, -669828462L, -565628320L, 625708172L, 1145683296L, 
-1576238878L, -1372772184L, -1351572788L, -225344004L, -1662158926L, 
-2096431120L, 1756626372L, -934569640L, 1740098938L, 1606495664L, 
710048188L, -225760684L, -68796990L, 1719638816L, 2115713980L, 
1161389136L, 923396066L, -841323672L, -1621870772L, 1436424956L, 
-974581006L, 2127397120L, -622746508L, -1195222520L, -632155718L, 
-1700996656L, -737823764L, -2066933868L, 11531474L, 539906144L, 
1877543244L, -1200951520L, 2021159554L, -624201240L, -1193626644L, 
-1201766852L, -762928526L, 14264176L, 74875172L, -1486893512L, 
620903834L, 1581733328L, -578620996L, -1304696172L, 2067437186L, 
1278556608L, -1242595524L, -100727152L, -175762654L, 2081713672L, 
-1507322100L, -1727258724L, 1063897106L, -1799892096L, -755679468L, 
174496040L, -16758726L, -940234800L, -493854100L, -68529100L, 
120249490L, 1001866592L, -1000672948L, 254276064L, 621152162L, 
1548201896L, 1672813708L, -1551459396L, -1184194446L, 2035831792L, 
-1626992572L, -369421224L, 879188026L, -1904127888L, -1996101060L, 
264444692L, 605892290L, 1470717664L, 434721916L, -35594032L, 
-431787102L, 1345282600L, 98696460L, 1530702780L, 855747890L, 
-661515072L, 1994628660L, -1186695480L, 1350397626L, 1565509776L, 
-363689236L, 332902996L, 2068289170L, -1200297184L, 944450508L, 
-1888647968L, 1715833538L, 364347432L, 902398892L, 2035974844L, 
-2017915406L, -237687248L, 981854116L, 1910121912L, -510285990L, 
-1294038896L, -2091564164L, 306240276L, 1665515842L, -1218170112L, 
1718253500L, -1698856112L, 1665731874L, -516938168L, 1729529868L, 
-60680100L, 378020306L, -54918656L, 562706772L, -1838676760L, 
-20734726L, -439558448L, -632212180L, -898524940L, 2109316498L, 
-1732210336L, -2123812852L, -1632991520L, -366867870L, -673274200L, 
-1737689524L, 963437436L, 1850529074L, 1506653808L, -844240060L, 
-789769256L, -724521094L, 856263216L, -1972429892L, -1933278636L, 
1036608578L, 1262698656L, -341751108L, -1287524912L, 95418210L, 
-306869528L, -1003473716L, -11878916L, -1532433934L, 1878288000L, 
823862772L, -446532984L, -1979453638L, 840298320L, -796451732L, 
1191826836L, -1929407406L, 275118560L, 94727372L, -1637107552L, 
70138242L, 1056573672L, -1074205972L, 405558588L, -2107059086L, 
1573645424L, -1239616476L, -1872920520L, -1348553958L, 1924859088L, 
161727292L, 1269133204L, -1168148606L, -656204352L, 1107554876L, 
422713744L, 988357154L, 1133509896L, 513114764L, -1168455908L, 
1627084946L, 492013952L, -1521817068L, 1537815336L, -2041962950L, 
110707152L, 335349100L, -499180620L, 648580114L, -873899552L, 
-1842321680L, 276691609L, 914620043L, 2107670396L, -478072406L, 
1334024671L, -760254615L, 1025660798L, 1980850028L, -363592771L, 
-163016569L, -1742836624L, 908838670L, 1631280187L, 1014395677L, 
2081978826L, 958300904L, 1209714129L, 753342403L, 202760388L, 
1785921394L, 839868999L, -1320754671L, 1473465238L, 1213783796L, 
-2054426491L, 473986511L, 614260936L, -622991002L, -1486738541L, 
-1327221515L, 478758098L, -455355616L, 1848707849L, -258520005L, 
-290197108L, 2002847770L, 89044111L, -2127103015L, 924782L, -1689059332L, 
1566537069L, -1182666985L, -1281093920L, -2060243778L, -1636619637L, 
620527885L, -1916852934L, -973904520L, 879111969L, 2073880531L, 
-563745036L, 699854722L, -1428163049L, -663036703L, 1959881254L, 
200346404L, 139518933L, 713978751L, 1674688024L, -1466778314L, 
278918083L, -163513851L, 820150690L, -1070373488L, -2077702855L, 
1451291115L, -8924452L, -1000564982L, -1835886081L, -62500791L, 
1250433502L, -584228468L, 2129812829L, 1951538535L, -1156571504L, 
-380624722L, -58777253L, 441562429L, 337733546L, -2097930168L, 
-860047247L, 677139939L, 1139511524L, -717358062L, 1439930343L, 
1668743089L, 1244574198L, -796836844L, -1841683675L, -133417937L, 
1326900712L, 1164825286L, 1289493363L, -1200995371L, 1428458418L, 
-1380741760L, -1852369559L, 2133465563L, 1361150252L, 354247482L, 
-1321722385L, 1514481785L, -1040125170L, -816052516L, 34600269L, 
1976936631L, 951415360L, -251434210L, -1311403541L, -1140425363L, 
1353434074L, 1537803672L, -435811327L, 1754967475L, -1280707372L, 
-136175134L, 377355383L, 1350689217L, -1330496698L, 1004906116L, 
-893751243L, -494313441L, -836647048L, -5669290L, -727174429L, 
1097888933L, 1687641410L, 922331952L, -1797828775L, -436058933L, 
-1163438788L, -1920171670L, -1102165089L, 1002407465L, -428152642L, 
1195340204L, 1186647805L, -1207371193L, -1654032080L, 277103182L, 
